44877802
1104643500
314945997
312930743
57630279
410413463
441622353
154202510
574427497
137026740
336792
627916675
849560636
14943559
254648096
623709850
353787169
641230082
454683881
284657815
717688660
269765816
382101194
1070986502
363351793
414722701
962927899
954465785
43937232
54235097
671746116
21852365
1063717088
4043331
85565972
576180362
272977695
494059327
442504636
478303169
675727355
345332075
444563922
379679898
913241662
116433173
1798046427
191128319
380244636
45488204
361797195
455123655
781908679
450439217
947306915
360133349
779166009
675120934
865076391
438071800
1772136914
625351438
814367255
1743814639
1012761894
452965832
627387103
417649376
782533579
1124016157
774573529
448705597
303304744
327387981
1129190846
591478961
278005381
936949473
282956645
907282531
377983111
365616731
424772783
782453138
354965864
651010529
170527916
79859679
80210571
19326685
408905627
402299814
821877473
540651417
383809406
1534703468
337554917
418092259
373086509
403299242
460462239
1092457791
243422626
327702075
641230082
540774104
717688660
450059396
175575897
114415694
381634571
1594960194
651973796
770809612
923293713
1354676447
168669988
544624684
359718201
491683782
821270153
328933055
315566438
447449753
244097835
1046080893
871176631
470900706
729685710
1129627228
619950123
117009312
564813114
360802844
906774755
761132590
454516119
366305155
1761095346
80810783
372886438
985475694
746158247
5373789
408733592
232037327
191128319
984622892
748891805
923751705
398652801
1278174759
492947541
76851937
619966711
240136156
384458004
814367255
451640935
1797970116
396482026
664945624
549816330
395418563
357684295
240125730
372146452
446400813
405155649
411640599
844018658
381387126
614122488
21670073
296827355
858688351
258426042
282956645
402638462
843492803
471696299
226986448
578879795
383790962
1419097884
394339556
170527916
298031794
602514234
350438618
240778614
742699524
676750924
12005720
924820520
375846784
257982
7176886600000
408752818
625148270
81402723
531310940
759934842
476272815
170980887
282035546
806632532
582839952
578062038
174179306
352695370
350714333
873081486
381387126
739124851
276140882
841918553
444286697
462717455
9314749
982354440
343704979
59570969
695062257
1065964817
757702858
420675756
617382559
517490086
350920871
234786420
384345853
395036275
1792721056
540774104
151417997
291157628
752365550
617037682
359169692
717688660
994368867
609116556
3761862626
592131426
372824629
1119220477
396720717
275046667
385166178
93175519
183643357
553866918
332892869
997117559
601470343
382101194
63088752
363351793
261865312
2225874115
598413343
361787091
597529884
827785657
158513694
676950137
438868283
1256392292
503910163
389884681
270472388
523713529
595611503
124671984
136342927
781197271
582021029
573203299
691094186
491422609
30292973
634433348
304325552
751235478
744732640
656877803
675743565
411640599
748235898
844299511
934815122
873401483
344176911
9314749
164580001
576106999
542573761
524856523
380878917
837067494
1187405036
339099340
516275927
824569586
183720708
1159591940
1021517244
1107539280
445944811
283618211
648195255
670519730
497566210
451822802
749125151
406490431
470272989
191171462
1094350812
409910380
445937140
494737158
425459151
115165455
459939894
422072857
631899542
1002993028
93175519
137713662
289331998
917767156
250065759
340518299
330929151
282125233
819242427
546223656
591073936
553896669
529348018
281541362
416446725
350756207
894227221
364086091
772594957
447887013
931889913
970691564
306376661
893095629
334287540
61840254
598067494
747422619
906123347
275682782
1334071613
4966074
214593935
731439771
303120901
542007420
363772314
1418086022
1824111578
1007707385
282301029
547024179
594358203
137990973
956651844
190794229
960995986
164094501
291814286
670068197
123642111
81372241
2402914235
1163067184
66140727
492567587
1253589120
1034078299
995781219
1034182769
34347679
443126097
2865284214
635588951
464508324
807378803
20688554
1204732707
592082002
296173799
466384313
383654511
736564308
673993843
531775843
762874597
884149049
470731620
334852419
540441147
532470079
67753428
619154973
249607297
771433251
569621193
448186941
1021906579
359249974
457718368
835151033
1151366998
752469454
895503050
357199123
894212439
331811528
446542282
454652181
460977001
490871114
478715921
83328885
176459938
815055427
1187405036
190794229
763838634
395742376
410451298
1205772714
814147044
526145085
409461654
617037682
2643372102
417649376
762353461
984751628
1455692236
2508299397
165270034
895379395
200703466
250118116
19870518
2546808550
846761396
835791013
1032518718
562154765
93175519
860444939
1071384493
376062801
441848722
402213972
943015742
735845782
741100974
460072907
1354676447
117917962
444186995
41525535
1204732707
413025796
578511424
147023981
49049742
474632885
465856020
1091173405
911459987
676750924
12005720
924820520
375846784
257982
7176886600000
408752818
625148270
81402723
531310940
759934842
476272815
170980887
282035546
806632532
582839952
578062038
174179306
352695370
350714333
873081486
381387126
739124851
276140882
841918553
444286697
462717455
9314749
982354440
343704979
59570969
695062257
1065964817
757702858
420675756
617382559
517490086
350920871
234786420
384345853
395036275
1792721056
540774104
151417997
291157628
752365550
617037682
359169692
717688660
994368867
609116556
3761862626
592131426
372824629
1119220477
396720717
275046667
385166178
93175519
183643357
553866918
332892869
997117559
601470343
382101194
63088752
363351793
261865312
2225874115
598413343
361787091
597529884
827785657
158513694
676950137
438868283
1256392292
503910163
389884681
270472388
523713529
595611503
124671984
136342927
781197271
582021029
573203299
691094186
491422609
30292973
634433348
304325552
751235478
744732640
656877803
675743565
411640599
748235898
844299511
934815122
873401483
344176911
9314749
164580001
576106999
542573761
524856523
380878917
837067494
1187405036
339099340
516275927
824569586
183720708
1159591940
1021517244
1107539280
445944811
283618211
648195255
670519730
497566210
451822802
749125151
406490431
470272989
191171462
1094350812
409910380
445937140
494737158
425459151
115165455
459939894
422072857
631899542
1002993028
93175519
137713662
289331998
917767156
250065759
340518299
330929151
282125233
819242427
546223656
591073936
553896669
529348018
281541362
416446725
350756207
894227221
364086091
772594957
447887013
931889913
970691564
306376661
893095629
334287540
61840254
598067494
747422619
906123347
275682782
1334071613
4966074
214593935
731439771
303120901
542007420
363772314
1418086022
1824111578
1007707385
282301029
547024179
594358203
137990973
956651844
190794229
960995986
164094501
291814286
670068197
123642111
81372241
2402914235
1163067184
66140727
492567587
1253589120
1034078299
995781219
1034182769
34347679
443126097
2865284214
635588951
464508324
807378803
20688554
1204732707
592082002
296173799
466384313
383654511
736564308
673993843
531775843
762874597
884149049
470731620
334852419
540441147
532470079
67753428
619154973
249607297
771433251
569621193
448186941
1021906579
359249974
457718368
835151033
1151366998
752469454
895503050
357199123
894212439
331811528
446542282
454652181
460977001
490871114
478715921
83328885
176459938
815055427
1187405036
190794229
763838634
395742376
410451298
1205772714
814147044
526145085
409461654
617037682
2643372102
417649376
762353461
984751628
1455692236
2508299397
165270034
895379395
200703466
250118116
19870518
2546808550
846761396
835791013
1032518718
562154765
93175519
860444939
1071384493
376062801
441848722
402213972
943015742
735845782
741100974
460072907
1354676447
117917962
444186995
41525535
1204732707
413025796
578511424
147023981
49049742
474632885
465856020
1091173405
911459987
44877802
1104643500
314945997
312930743
57630279
410413463
441622353
154202510
574427497
137026740
336792
627916675
849560636
14943559
254648096
623709850
353787169
641230082
454683881
284657815
717688660
269765816
382101194
1070986502
363351793
414722701
962927899
954465785
43937232
54235097
671746116
21852365
1063717088
4043331
85565972
576180362
272977695
494059327
442504636
478303169
675727355
345332075
444563922
379679898
913241662
116433173
1798046427
191128319
380244636
45488204
361797195
455123655
781908679
450439217
947306915
360133349
779166009
675120934
865076391
438071800
1772136914
625351438
814367255
1743814639
1012761894
452965832
627387103
417649376
782533579
1124016157
774573529
448705597
303304744
327387981
1129190846
591478961
278005381
936949473
282956645
907282531
377983111
365616731
424772783
782453138
354965864
651010529
170527916
79859679
80210571
19326685
408905627
402299814
821877473
540651417
383809406
1534703468
337554917
418092259
373086509
403299242
460462239
1092457791
243422626
327702075
641230082
540774104
717688660
450059396
175575897
114415694
381634571
1594960194
651973796
770809612
923293713
1354676447
168669988
544624684
359718201
491683782
821270153
328933055
315566438
447449753
244097835
1046080893
871176631
470900706
729685710
1129627228
619950123
117009312
564813114
360802844
906774755
761132590
454516119
366305155
1761095346
80810783
372886438
985475694
746158247
5373789
408733592
232037327
191128319
984622892
748891805
923751705
398652801
1278174759
492947541
76851937
619966711
240136156
384458004
814367255
451640935
1797970116
396482026
664945624
549816330
395418563
357684295
240125730
372146452
446400813
405155649
411640599
844018658
381387126
614122488
21670073
296827355
858688351
258426042
282956645
402638462
843492803
471696299
226986448
578879795
383790962
1419097884
394339556
170527916
298031794
602514234
350438618
240778614
742699524
389884681
270472388
523713529
595611503
124671984
136342927
781197271
582021029
573203299
691094186
491422609
30292973
634433348
304325552
751235478
744732640
656877803
675743565
411640599
748235898
844299511
934815122
873401483
344176911
9314749
164580001
576106999
542573761
524856523
380878917
837067494
1187405036
339099340
516275927
824569586
183720708
1159591940
1021517244
1107539280
445944811
283618211
648195255
670519730
497566210
451822802
749125151
406490431
470272989
191171462
1094350812
409910380
445937140
494737158
425459151
115165455
459939894
422072857
631899542
1002993028
93175519
137713662
289331998
917767156
250065759
340518299
330929151
282125233
819242427
546223656
591073936
553896669
529348018
281541362
416446725
350756207
894227221
364086091
772594957
447887013
931889913
970691564
306376661
893095629
334287540
61840254
598067494
747422619
906123347
275682782
1334071613
4966074
214593935
731439771
303120901
542007420
363772314
1418086022
1824111578
1007707385
282301029
547024179
594358203
137990973
956651844
190794229
960995986
164094501
291814286
670068197
123642111
81372241
2402914235
1163067184
66140727
492567587
1253589120
1034078299
995781219
1034182769
34347679
443126097
2865284214
635588951
464508324
807378803
20688554
1204732707
592082002
296173799
466384313
383654511
736564308
673993843
531775843
762874597
884149049
470731620
334852419
540441147
532470079
67753428
619154973
249607297
771433251
569621193
448186941
1021906579
359249974
457718368
835151033
1151366998
752469454
895503050
357199123
894212439
331811528
446542282
454652181
460977001
490871114
478715921
83328885
176459938
815055427
1187405036
190794229
763838634
395742376
410451298
1205772714
814147044
526145085
409461654
617037682
2643372102
417649376
762353461
984751628
1455692236
2508299397
165270034
895379395
200703466
250118116
19870518
2546808550
846761396
835791013
1032518718
562154765
93175519
860444939
1071384493
376062801
441848722
402213972
943015742
735845782
741100974
460072907
1354676447
117917962
444186995
41525535
1204732707
413025796
578511424
147023981
49049742
474632885
465856020
1091173405
911459987
44877802
1104643500
314945997
312930743
57630279
410413463
441622353
154202510
574427497
137026740
336792
627916675
849560636
14943559
254648096
623709850
353787169
641230082
454683881
284657815
717688660
269765816
382101194
1070986502
363351793
414722701
962927899
954465785
43937232
54235097
671746116
21852365
1063717088
4043331
85565972
576180362
272977695
494059327
442504636
478303169
675727355
345332075
444563922
379679898
913241662
116433173
1798046427
191128319
380244636
45488204
361797195
455123655
781908679
450439217
947306915
360133349
779166009
675120934
865076391
438071800
1772136914
625351438
814367255
1743814639
1012761894
452965832
627387103
417649376
782533579
1124016157
774573529
448705597
303304744
327387981
1129190846
591478961
278005381
936949473
282956645
907282531
377983111
365616731
424772783
782453138
354965864
651010529
170527916
79859679
80210571
19326685
408905627
402299814
821877473
540651417
383809406
1534703468
337554917
418092259
373086509
403299242
460462239
1092457791
243422626
327702075
641230082
540774104
717688660
450059396
175575897
114415694
381634571
1594960194
651973796
770809612
923293713
1354676447
168669988
544624684
359718201
491683782
821270153
328933055
315566438
447449753
244097835
1046080893
871176631
470900706
729685710
1129627228
619950123
117009312
564813114
360802844
906774755
761132590
454516119
366305155
1761095346
80810783
372886438
985475694
746158247
5373789
408733592
232037327
191128319
984622892
748891805
923751705
398652801
1278174759
492947541
76851937
619966711
240136156
384458004
814367255
451640935
1797970116
396482026
664945624
549816330
395418563
357684295
240125730
372146452
446400813
405155649
411640599
844018658
381387126
614122488
21670073
296827355
858688351
258426042
282956645
402638462
843492803
471696299
226986448
578879795
383790962
1419097884
394339556
170527916
298031794
602514234
350438618
240778614
742699524
676750924
12005720
924820520
375846784
257982
7176886600000
408752818
625148270
81402723
531310940
759934842
476272815
170980887
282035546
806632532
582839952
578062038
174179306
352695370
350714333
873081486
381387126
739124851
276140882
841918553
444286697
462717455
9314749
982354440
343704979
59570969
695062257
1065964817
757702858
420675756
617382559
517490086
350920871
234786420
384345853
395036275
1792721056
540774104
151417997
291157628
752365550
617037682
359169692
717688660
994368867
609116556
3761862626
592131426
372824629
1119220477
396720717
275046667
385166178
93175519
183643357
553866918
332892869
997117559
601470343
382101194
63088752
363351793
261865312
2225874115
598413343
361787091
597529884
827785657
158513694
676950137
438868283
1256392292
503910163
447887013
931889913
970691564
306376661
893095629
334287540
61840254
598067494
747422619
906123347
275682782
1334071613
4966074
214593935
731439771
303120901
542007420
363772314
1418086022
1824111578
1007707385
282301029
547024179
594358203
137990973
956651844
190794229
960995986
164094501
291814286
670068197
123642111
81372241
2402914235
1163067184
66140727
492567587
1253589120
1034078299
995781219
1034182769
34347679
443126097
2865284214
635588951
464508324
807378803
20688554
1204732707
592082002
296173799
466384313
383654511
736564308
673993843
531775843
762874597
884149049
470731620
334852419
540441147
532470079
67753428
619154973
249607297
771433251
569621193
448186941
1021906579
359249974
457718368
835151033
1151366998
752469454
895503050
357199123
894212439
331811528
446542282
454652181
460977001
490871114
478715921
83328885
176459938
815055427
1187405036
190794229
763838634
395742376
410451298
1205772714
814147044
526145085
409461654
617037682
2643372102
417649376
762353461
984751628
1455692236
2508299397
165270034
895379395
200703466
250118116
19870518
2546808550
846761396
835791013
1032518718
562154765
93175519
860444939
1071384493
376062801
441848722
402213972
943015742
735845782
741100974
460072907
1354676447
117917962
444186995
41525535
1204732707
413025796
578511424
147023981
49049742
474632885
465856020
1091173405
911459987
44877802
1104643500
314945997
312930743
57630279
410413463
441622353
154202510
574427497
137026740
336792
627916675
849560636
14943559
254648096
623709850
353787169
641230082
454683881
284657815
717688660
269765816
382101194
1070986502
363351793
414722701
962927899
954465785
43937232
54235097
671746116
21852365
1063717088
4043331
85565972
576180362
272977695
494059327
442504636
478303169
675727355
345332075
444563922
379679898
913241662
116433173
1798046427
191128319
380244636
45488204
361797195
455123655
781908679
450439217
947306915
360133349
779166009
675120934
865076391
438071800
1772136914
625351438
814367255
1743814639
1012761894
452965832
627387103
417649376
782533579
1124016157
774573529
448705597
303304744
327387981
1129190846
591478961
278005381
936949473
282956645
907282531
377983111
365616731
424772783
782453138
354965864
651010529
170527916
79859679
80210571
19326685
408905627
402299814
821877473
540651417
383809406
1534703468
337554917
418092259
373086509
403299242
460462239
1092457791
243422626
327702075
641230082
540774104
717688660
450059396
175575897
114415694
381634571
1594960194
651973796
770809612
923293713
1354676447
168669988
544624684
359718201
491683782
821270153
328933055
315566438
447449753
244097835
1046080893
871176631
470900706
729685710
1129627228
619950123
117009312
564813114
360802844
906774755
761132590
454516119
366305155
1761095346
80810783
372886438
985475694
746158247
5373789
408733592
232037327
191128319
984622892
748891805
923751705
398652801
1278174759
492947541
76851937
619966711
240136156
384458004
814367255
451640935
1797970116
396482026
664945624
549816330
395418563
357684295
240125730
372146452
446400813
405155649
411640599
844018658
381387126
614122488
21670073
296827355
858688351
258426042
282956645
402638462
843492803
471696299
226986448
578879795
383790962
1419097884
394339556
170527916
298031794
602514234
350438618
240778614
742699524
676750924
12005720
924820520
375846784
257982
7176886600000
408752818
625148270
81402723
531310940
759934842
476272815
170980887
282035546
806632532
582839952
578062038
174179306
352695370
350714333
873081486
381387126
739124851
276140882
841918553
444286697
462717455
9314749
982354440
343704979
59570969
695062257
1065964817
757702858
420675756
617382559
517490086
350920871
234786420
384345853
395036275
1792721056
540774104
151417997
291157628
752365550
617037682
359169692
717688660
994368867
609116556
3761862626
592131426
372824629
1119220477
396720717
275046667
385166178
93175519
183643357
553866918
332892869
997117559
601470343
382101194
63088752
363351793
261865312
2225874115
598413343
361787091
597529884
827785657
158513694
676950137
438868283
1256392292
503910163
389884681
270472388
523713529
595611503
124671984
136342927
781197271
582021029
573203299
691094186
491422609
30292973
634433348
304325552
751235478
744732640
656877803
675743565
411640599
748235898
844299511
934815122
873401483
344176911
9314749
164580001
576106999
542573761
524856523
380878917
837067494
1187405036
339099340
516275927
824569586
183720708
1159591940
1021517244
1107539280
445944811
283618211
648195255
670519730
497566210
451822802
749125151
406490431
470272989
191171462
1094350812
409910380
445937140
494737158
425459151
115165455
459939894
422072857
631899542
1002993028
93175519
137713662
289331998
917767156
250065759
340518299
330929151
282125233
819242427
546223656
591073936
553896669
529348018
281541362
416446725
350756207
894227221
364086091
772594957
383654511
736564308
673993843
531775843
762874597
884149049
470731620
334852419
540441147
532470079
67753428
619154973
249607297
771433251
569621193
448186941
1021906579
359249974
457718368
835151033
1151366998
752469454
895503050
357199123
894212439
331811528
446542282
454652181
460977001
490871114
478715921
83328885
176459938
815055427
1187405036
190794229
763838634
395742376
410451298
1205772714
814147044
526145085
409461654
617037682
2643372102
417649376
762353461
984751628
1455692236
2508299397
165270034
895379395
200703466
250118116
19870518
2546808550
846761396
835791013
1032518718
562154765
93175519
860444939
1071384493
376062801
441848722
402213972
943015742
735845782
741100974
460072907
1354676447
117917962
444186995
41525535
1204732707
413025796
578511424
147023981
49049742
474632885
465856020
1091173405
911459987
44877802
1104643500
314945997
312930743
57630279
410413463
441622353
154202510
574427497
137026740
336792
627916675
849560636
14943559
254648096
623709850
353787169
641230082
454683881
284657815
717688660
269765816
382101194
1070986502
363351793
414722701
962927899
954465785
43937232
54235097
671746116
21852365
1063717088
4043331
85565972
576180362
272977695
494059327
442504636
478303169
675727355
345332075
444563922
379679898
913241662
116433173
1798046427
191128319
380244636
45488204
361797195
455123655
781908679
450439217
947306915
360133349
779166009
675120934
865076391
438071800
1772136914
625351438
814367255
1743814639
1012761894
452965832
627387103
417649376
782533579
1124016157
774573529
448705597
303304744
327387981
1129190846
591478961
278005381
936949473
282956645
907282531
377983111
365616731
424772783
782453138
354965864
651010529
170527916
79859679
80210571
19326685
408905627
402299814
821877473
540651417
383809406
1534703468
337554917
418092259
373086509
403299242
460462239
1092457791
243422626
327702075
641230082
540774104
717688660
450059396
175575897
114415694
381634571
1594960194
651973796
770809612
923293713
1354676447
168669988
544624684
359718201
491683782
821270153
328933055
315566438
447449753
244097835
1046080893
871176631
470900706
729685710
1129627228
619950123
117009312
564813114
360802844
906774755
761132590
454516119
366305155
1761095346
80810783
372886438
985475694
746158247
5373789
408733592
232037327
191128319
984622892
748891805
923751705
398652801
1278174759
492947541
76851937
619966711
240136156
384458004
814367255
451640935
1797970116
396482026
664945624
549816330
395418563
357684295
240125730
372146452
446400813
405155649
411640599
844018658
381387126
614122488
21670073
296827355
858688351
258426042
282956645
402638462
843492803
471696299
226986448
578879795
383790962
1419097884
394339556
170527916
298031794
602514234
350438618
240778614
742699524
676750924
12005720
924820520
375846784
257982
7176886600000
408752818
625148270
81402723
531310940
759934842
476272815
170980887
282035546
806632532
582839952
578062038
174179306
352695370
350714333
873081486
381387126
739124851
276140882
841918553
444286697
462717455
9314749
982354440
343704979
59570969
695062257
1065964817
757702858
420675756
617382559
517490086
350920871
234786420
384345853
395036275
1792721056
540774104
151417997
291157628
752365550
617037682
359169692
717688660
994368867
609116556
3761862626
592131426
372824629
1119220477
396720717
275046667
385166178
93175519
183643357
553866918
332892869
997117559
601470343
382101194
63088752
363351793
261865312
2225874115
598413343
361787091
597529884
827785657
158513694
676950137
438868283
1256392292
503910163
389884681
270472388
523713529
595611503
124671984
136342927
781197271
582021029
573203299
691094186
491422609
30292973
634433348
304325552
751235478
744732640
656877803
675743565
411640599
748235898
844299511
934815122
873401483
344176911
9314749
164580001
576106999
542573761
524856523
380878917
837067494
1187405036
339099340
516275927
824569586
183720708
1159591940
1021517244
1107539280
445944811
283618211
648195255
670519730
497566210
451822802
749125151
406490431
470272989
191171462
1094350812
409910380
445937140
494737158
425459151
115165455
459939894
422072857
631899542
1002993028
93175519
137713662
289331998
917767156
250065759
340518299
330929151
282125233
819242427
546223656
591073936
553896669
529348018
281541362
416446725
350756207
894227221
364086091
772594957
447887013
931889913
970691564
306376661
893095629
334287540
61840254
598067494
747422619
906123347
275682782
1334071613
4966074
214593935
731439771
303120901
542007420
363772314
1418086022
1824111578
1007707385
282301029
547024179
594358203
137990973
956651844
190794229
960995986
164094501
291814286
670068197
123642111
81372241
2402914235
1163067184
66140727
492567587
1253589120
1034078299
995781219
1034182769
34347679
443126097
2865284214
635588951
464508324
807378803
20688554
1204732707
592082002
296173799
466384313
44877802
1104643500
314945997
312930743
57630279
410413463
441622353
154202510
574427497
137026740
336792
627916675
849560636
14943559
254648096
623709850
353787169
641230082
454683881
284657815
717688660
269765816
382101194
1070986502
363351793
414722701
962927899
954465785
43937232
54235097
671746116
21852365
1063717088
4043331
85565972
576180362
272977695
494059327
442504636
478303169
675727355
345332075
444563922
379679898
913241662
116433173
1798046427
191128319
380244636
45488204
361797195
455123655
781908679
450439217
947306915
360133349
779166009
675120934
865076391
438071800
1772136914
625351438
814367255
1743814639
1012761894
452965832
627387103
417649376
782533579
1124016157
774573529
448705597
303304744
327387981
1129190846
591478961
278005381
936949473
282956645
907282531
377983111
365616731
424772783
782453138
354965864
651010529
170527916
79859679
80210571
19326685
408905627
402299814
821877473
540651417
383809406
1534703468
337554917
418092259
373086509
403299242
460462239
1092457791
243422626
327702075
641230082
540774104
717688660
450059396
175575897
114415694
381634571
1594960194
651973796
770809612
923293713
1354676447
168669988
544624684
359718201
491683782
821270153
328933055
315566438
447449753
244097835
1046080893
871176631
470900706
729685710
1129627228
619950123
117009312
564813114
360802844
906774755
761132590
454516119
366305155
1761095346
80810783
372886438
985475694
746158247
5373789
408733592
232037327
191128319
984622892
748891805
923751705
398652801
1278174759
492947541
76851937
619966711
240136156
384458004
814367255
451640935
1797970116
396482026
664945624
549816330
395418563
357684295
240125730
372146452
446400813
405155649
411640599
844018658
381387126
614122488
21670073
296827355
858688351
258426042
282956645
402638462
843492803
471696299
226986448
578879795
383790962
1419097884
394339556
170527916
298031794
602514234
350438618
240778614
742699524
389884681
270472388
523713529
595611503
124671984
136342927
781197271
582021029
573203299
691094186
491422609
30292973
634433348
304325552
751235478
744732640
656877803
675743565
411640599
748235898
844299511
934815122
873401483
344176911
9314749
164580001
576106999
542573761
524856523
380878917
837067494
1187405036
339099340
516275927
824569586
183720708
1159591940
1021517244
1107539280
445944811
283618211
648195255
670519730
497566210
451822802
749125151
406490431
470272989
191171462
1094350812
409910380
445937140
494737158
425459151
115165455
459939894
422072857
631899542
1002993028
93175519
137713662
289331998
917767156
250065759
340518299
330929151
282125233
819242427
546223656
591073936
553896669
529348018
281541362
416446725
350756207
894227221
364086091
772594957
447887013
931889913
970691564
306376661
893095629
334287540
61840254
598067494
747422619
906123347
275682782
1334071613
4966074
214593935
731439771
303120901
542007420
363772314
1418086022
1824111578
1007707385
282301029
547024179
594358203
137990973
956651844
190794229
960995986
164094501
291814286
670068197
123642111
81372241
2402914235
1163067184
66140727
492567587
1253589120
1034078299
995781219
1034182769
34347679
443126097
2865284214
635588951
464508324
807378803
20688554
1204732707
592082002
296173799
466384313
383654511
736564308
673993843
531775843
762874597
884149049
470731620
334852419
540441147
532470079
67753428
619154973
249607297
771433251
569621193
448186941
1021906579
359249974
457718368
835151033
1151366998
752469454
895503050
357199123
894212439
331811528
446542282
454652181
460977001
490871114
478715921
83328885
176459938
815055427
1187405036
190794229
763838634
395742376
410451298
1205772714
814147044
526145085
409461654
617037682
2643372102
417649376
762353461
984751628
1455692236
2508299397
165270034
895379395
200703466
250118116
19870518
2546808550
846761396
835791013
1032518718
562154765
93175519
860444939
1071384493
376062801
441848722
402213972
943015742
735845782
741100974
460072907
1354676447
117917962
444186995
41525535
1204732707
413025796
578511424
147023981
49049742
474632885
465856020
1091173405
911459987
44877802
1104643500
314945997
312930743
57630279
410413463
441622353
154202510
574427497
137026740
336792
627916675
849560636
14943559
254648096
623709850
353787169
641230082
454683881
284657815
717688660
269765816
382101194
1070986502
363351793
414722701
962927899
954465785
43937232
54235097
671746116
21852365
1063717088
4043331
85565972
576180362
272977695
494059327
442504636
478303169
675727355
345332075
444563922
379679898
913241662
116433173
1798046427
191128319
380244636
45488204
361797195
455123655
781908679
450439217
947306915
360133349
779166009
675120934
865076391
438071800
1772136914
625351438
814367255
1743814639
1012761894
452965832
627387103
417649376
782533579
1124016157
774573529
448705597
303304744
327387981
1129190846
591478961
278005381
936949473
282956645
907282531
377983111
365616731
424772783
782453138
354965864
651010529
170527916
79859679
80210571
19326685
408905627
402299814
821877473
540651417
383809406
1534703468
337554917
418092259
373086509
403299242
460462239
1092457791
243422626
327702075
641230082
540774104
717688660
450059396
175575897
114415694
381634571
1594960194
651973796
770809612
923293713
1354676447
168669988
544624684
359718201
491683782
821270153
328933055
315566438
447449753
244097835
1046080893
871176631
470900706
729685710
1129627228
619950123
117009312
564813114
360802844
906774755
761132590
454516119
366305155
1761095346
80810783
372886438
985475694
746158247
5373789
408733592
232037327
191128319
984622892
748891805
923751705
398652801
1278174759
492947541
76851937
619966711
240136156
384458004
814367255
451640935
1797970116
396482026
664945624
549816330
395418563
357684295
240125730
372146452
446400813
405155649
411640599
844018658
381387126
614122488
21670073
296827355
858688351
258426042
282956645
402638462
843492803
471696299
226986448
578879795
383790962
1419097884
394339556
170527916
298031794
602514234
350438618
240778614
742699524
676750924
12005720
924820520
375846784
257982
7176886600000
408752818
625148270
81402723
531310940
759934842
476272815
170980887
282035546
806632532
582839952
578062038
174179306
352695370
350714333
873081486
381387126
739124851
276140882
841918553
444286697
462717455
9314749
982354440
343704979
59570969
695062257
1065964817
757702858
420675756
617382559
517490086
350920871
234786420
384345853
395036275
1792721056
540774104
151417997
291157628
752365550
617037682
359169692
717688660
994368867
609116556
3761862626
592131426
372824629
1119220477
396720717
275046667
385166178
93175519
183643357
553866918
332892869
997117559
601470343
382101194
63088752
363351793
261865312
2225874115
598413343
361787091
597529884
827785657
158513694
676950137
438868283
1256392292
503910163
447887013
931889913
970691564
306376661
893095629
334287540
61840254
598067494
747422619
906123347
275682782
1334071613
4966074
214593935
731439771
303120901
542007420
363772314
1418086022
1824111578
1007707385
282301029
547024179
594358203
137990973
956651844
190794229
960995986
164094501
291814286
670068197
123642111
81372241
2402914235
1163067184
66140727
492567587
1253589120
1034078299
995781219
1034182769
34347679
443126097
2865284214
635588951
464508324
807378803
20688554
1204732707
592082002
296173799
466384313
383654511
736564308
673993843
531775843
762874597
884149049
470731620
334852419
540441147
532470079
67753428
619154973
249607297
771433251
569621193
448186941
1021906579
359249974
457718368
835151033
1151366998
752469454
895503050
357199123
894212439
331811528
446542282
454652181
460977001
490871114
478715921
83328885
176459938
815055427
1187405036
190794229
763838634
395742376
410451298
1205772714
814147044
526145085
409461654
617037682
2643372102
417649376
762353461
984751628
1455692236
2508299397
165270034
895379395
200703466
250118116
19870518
2546808550
846761396
835791013
1032518718
562154765
93175519
860444939
1071384493
376062801
441848722
402213972
943015742
735845782
741100974
460072907
1354676447
117917962
444186995
41525535
1204732707
413025796
578511424
147023981
49049742
474632885
465856020
1091173405
911459987
44877802
1104643500
314945997
312930743
57630279
410413463
441622353
154202510
574427497
137026740
336792
627916675
849560636
14943559
254648096
623709850
353787169
641230082
454683881
284657815
717688660
269765816
382101194
1070986502
363351793
414722701
962927899
954465785
43937232
54235097
671746116
21852365
1063717088
4043331
85565972
576180362
272977695
494059327
442504636
478303169
675727355
345332075
444563922
379679898
913241662
116433173
1798046427
191128319
380244636
45488204
361797195
455123655
781908679
450439217
947306915
360133349
779166009
675120934
865076391
438071800
1772136914
625351438
814367255
1743814639
1012761894
452965832
627387103
417649376
782533579
1124016157
774573529
448705597
303304744
327387981
1129190846
591478961
278005381
936949473
282956645
907282531
377983111
365616731
424772783
782453138
354965864
651010529
170527916
79859679
80210571
19326685
408905627
402299814
821877473
540651417
383809406
1534703468
337554917
418092259
373086509
403299242
460462239
1092457791
243422626
327702075
641230082
540774104
717688660
450059396
175575897
114415694
381634571
1594960194
651973796
770809612
923293713
1354676447
168669988
544624684
359718201
491683782
821270153
328933055
315566438
447449753
244097835
1046080893
871176631
470900706
729685710
1129627228
619950123
117009312
564813114
360802844
906774755
761132590
454516119
366305155
1761095346
80810783
372886438
985475694
746158247
5373789
408733592
232037327
191128319
984622892
748891805
923751705
398652801
1278174759
492947541
76851937
619966711
240136156
384458004
814367255
451640935
1797970116
396482026
664945624
549816330
395418563
357684295
240125730
372146452
446400813
405155649
411640599
844018658
381387126
614122488
21670073
296827355
858688351
258426042
282956645
402638462
843492803
471696299
226986448
578879795
383790962
1419097884
394339556
170527916
298031794
602514234
350438618
240778614
742699524
676750924
12005720
924820520
375846784
257982
7176886600000
408752818
625148270
81402723
531310940
759934842
476272815
170980887
282035546
806632532
582839952
578062038
174179306
352695370
350714333
873081486
381387126
739124851
276140882
841918553
444286697
462717455
9314749
982354440
343704979
59570969
695062257
1065964817
757702858
420675756
617382559
517490086
350920871
234786420
384345853
395036275
1792721056
540774104
151417997
291157628
752365550
617037682
359169692
717688660
994368867
609116556
3761862626
592131426
372824629
1119220477
396720717
275046667
385166178
93175519
183643357
553866918
332892869
997117559
601470343
382101194
63088752
363351793
261865312
2225874115
598413343
361787091
597529884
827785657
158513694
676950137
438868283
1256392292
503910163
389884681
270472388
523713529
595611503
124671984
136342927
781197271
582021029
573203299
691094186
491422609
30292973
634433348
304325552
751235478
744732640
656877803
675743565
411640599
748235898
844299511
934815122
873401483
344176911
9314749
164580001
576106999
542573761
524856523
380878917
837067494
1187405036
339099340
516275927
824569586
183720708
1159591940
1021517244
1107539280
445944811
283618211
648195255
670519730
497566210
451822802
749125151
406490431
470272989
191171462
1094350812
409910380
445937140
494737158
425459151
115165455
459939894
422072857
631899542
1002993028
93175519
137713662
289331998
917767156
250065759
340518299
330929151
282125233
819242427
546223656
591073936
553896669
529348018
281541362
416446725
350756207
894227221
364086091
772594957
383654511
736564308
673993843
531775843
762874597
884149049
470731620
334852419
540441147
532470079
67753428
619154973
249607297
771433251
569621193
448186941
1021906579
359249974
457718368
835151033
1151366998
752469454
895503050
357199123
894212439
331811528
446542282
454652181
460977001
490871114
478715921
83328885
176459938
815055427
1187405036
190794229
763838634
395742376
410451298
1205772714
814147044
526145085
409461654
617037682
2643372102
417649376
762353461
984751628
1455692236
2508299397
165270034
895379395
200703466
250118116
19870518
2546808550
846761396
835791013
1032518718
562154765
93175519
860444939
1071384493
376062801
441848722
402213972
943015742
735845782
741100974
460072907
1354676447
117917962
444186995
41525535
1204732707
413025796
578511424
147023981
49049742
474632885
465856020
1091173405
911459987
44877802
1104643500
314945997
312930743
57630279
410413463
441622353
154202510
574427497
137026740
336792
627916675
849560636
14943559
254648096
623709850
353787169
641230082
454683881
284657815
717688660
269765816
382101194
1070986502
363351793
414722701
962927899
954465785
43937232
54235097
671746116
21852365
1063717088
4043331
85565972
576180362
272977695
494059327
442504636
478303169
675727355
345332075
444563922
379679898
913241662
116433173
1798046427
191128319
380244636
45488204
361797195
455123655
781908679
450439217
947306915
360133349
779166009
675120934
865076391
438071800
1772136914
625351438
814367255
1743814639
1012761894
452965832
627387103
417649376
782533579
1124016157
774573529
448705597
303304744
327387981
1129190846
591478961
278005381
936949473
282956645
907282531
377983111
365616731
424772783
782453138
354965864
651010529
170527916
79859679
80210571
19326685
408905627
402299814
821877473
540651417
383809406
1534703468
337554917
418092259
373086509
403299242
460462239
1092457791
243422626
327702075
641230082
540774104
717688660
450059396
175575897
114415694
381634571
1594960194
651973796
770809612
923293713
1354676447
168669988
544624684
359718201
491683782
821270153
328933055
315566438
447449753
244097835
1046080893
871176631
470900706
729685710
1129627228
619950123
117009312
564813114
360802844
906774755
761132590
454516119
366305155
1761095346
80810783
372886438
985475694
746158247
5373789
408733592
232037327
191128319
984622892
748891805
923751705
398652801
1278174759
492947541
76851937
619966711
240136156
384458004
814367255
451640935
1797970116
396482026
664945624
549816330
395418563
357684295
240125730
372146452
446400813
405155649
411640599
844018658
381387126
614122488
21670073
296827355
858688351
258426042
282956645
402638462
843492803
471696299
226986448
578879795
383790962
1419097884
394339556
170527916
298031794
602514234
350438618
240778614
742699524
676750924
12005720
924820520
375846784
257982
7176886600000
408752818
625148270
81402723
531310940
759934842
476272815
170980887
282035546
806632532
582839952
578062038
174179306
352695370
350714333
873081486
381387126
739124851
276140882
841918553
444286697
462717455
9314749
982354440
343704979
59570969
695062257
1065964817
757702858
420675756
617382559
517490086
350920871
234786420
384345853
395036275
1792721056
540774104
151417997
291157628
752365550
617037682
359169692
717688660
994368867
609116556
3761862626
592131426
372824629
1119220477
396720717
275046667
385166178
93175519
183643357
553866918
332892869
997117559
601470343
382101194
63088752
363351793
261865312
2225874115
598413343
361787091
597529884
827785657
158513694
676950137
438868283
1256392292
503910163
389884681
270472388
523713529
595611503
124671984
136342927
781197271
582021029
573203299
691094186
491422609
30292973
634433348
304325552
751235478
744732640
656877803
675743565
411640599
748235898
844299511
934815122
873401483
344176911
9314749
164580001
576106999
542573761
524856523
380878917
837067494
1187405036
339099340
516275927
824569586
183720708
1159591940
1021517244
1107539280
445944811
283618211
648195255
670519730
497566210
451822802
749125151
406490431
470272989
191171462
1094350812
409910380
445937140
494737158
425459151
115165455
459939894
422072857
631899542
1002993028
93175519
137713662
289331998
917767156
250065759
340518299
330929151
282125233
819242427
546223656
591073936
553896669
529348018
281541362
416446725
350756207
894227221
364086091
772594957
447887013
931889913
970691564
306376661
893095629
334287540
61840254
598067494
747422619
906123347
275682782
1334071613
4966074
214593935
731439771
303120901
542007420
363772314
1418086022
1824111578
1007707385
282301029
547024179
594358203
137990973
956651844
190794229
960995986
164094501
291814286
670068197
123642111
81372241
2402914235
1163067184
66140727
492567587
1253589120
1034078299
995781219
1034182769
34347679
443126097
2865284214
635588951
464508324
807378803
20688554
1204732707
592082002
296173799
466384313
44877802
1104643500
314945997
312930743
57630279
410413463
441622353
154202510
574427497
137026740
336792
627916675
849560636
14943559
254648096
623709850
353787169
641230082
454683881
284657815
717688660
269765816
382101194
1070986502
363351793
414722701
962927899
954465785
43937232
54235097
671746116
21852365
1063717088
4043331
85565972
576180362
272977695
494059327
442504636
478303169
675727355
345332075
444563922
379679898
913241662
116433173
1798046427
191128319
380244636
45488204
361797195
455123655
781908679
450439217
947306915
360133349
779166009
675120934
865076391
438071800
1772136914
625351438
814367255
1743814639
1012761894
452965832
627387103
417649376
782533579
1124016157
774573529
448705597
303304744
327387981
1129190846
591478961
278005381
936949473
282956645
907282531
377983111
365616731
424772783
782453138
354965864
651010529
170527916
79859679
80210571
19326685
408905627
402299814
821877473
540651417
383809406
1534703468
337554917
418092259
373086509
403299242
460462239
1092457791
243422626
327702075
641230082
540774104
717688660
450059396
175575897
114415694
381634571
1594960194
651973796
770809612
923293713
1354676447
168669988
544624684
359718201
491683782
821270153
328933055
315566438
447449753
244097835
1046080893
871176631
470900706
729685710
1129627228
619950123
117009312
564813114
360802844
906774755
761132590
454516119
366305155
1761095346
80810783
372886438
985475694
746158247
5373789
408733592
232037327
191128319
984622892
748891805
923751705
398652801
1278174759
492947541
76851937
619966711
240136156
384458004
814367255
451640935
1797970116
396482026
664945624
549816330
395418563
357684295
240125730
372146452
446400813
405155649
411640599
844018658
381387126
614122488
21670073
296827355
858688351
258426042
282956645
402638462
843492803
471696299
226986448
578879795
383790962
1419097884
394339556
170527916
298031794
602514234
350438618
240778614
742699524
676750924
12005720
924820520
375846784
257982
7176886600000
408752818
625148270
81402723
531310940
759934842
476272815
170980887
282035546
806632532
582839952
578062038
174179306
352695370
350714333
873081486
381387126
739124851
276140882
841918553
444286697
462717455
9314749
982354440
343704979
59570969
695062257
1065964817
757702858
420675756
617382559
517490086
350920871
234786420
384345853
395036275
1792721056
540774104
151417997
291157628
752365550
617037682
359169692
717688660
994368867
609116556
3761862626
592131426
372824629
1119220477
396720717
275046667
385166178
93175519
183643357
553866918
332892869
997117559
601470343
382101194
63088752
363351793
261865312
2225874115
598413343
361787091
597529884
827785657
158513694
676950137
438868283
1256392292
503910163
389884681
270472388
523713529
595611503
124671984
136342927
781197271
582021029
573203299
691094186
491422609
30292973
634433348
304325552
751235478
744732640
656877803
675743565
411640599
748235898
844299511
934815122
873401483
344176911
9314749
164580001
576106999
542573761
524856523
380878917
837067494
1187405036
339099340
516275927
824569586
183720708
1159591940
1021517244
1107539280
445944811
283618211
648195255
670519730
497566210
451822802
749125151
406490431
470272989
191171462
1094350812
409910380
445937140
494737158
425459151
115165455
459939894
422072857
631899542
1002993028
93175519
137713662
289331998
917767156
250065759
340518299
330929151
282125233
819242427
546223656
591073936
553896669
529348018
281541362
416446725
350756207
894227221
364086091
772594957
447887013
931889913
970691564
306376661
893095629
334287540
61840254
598067494
747422619
906123347
275682782
1334071613
4966074
214593935
731439771
303120901
542007420
363772314
1418086022
1824111578
1007707385
282301029
547024179
594358203
137990973
956651844
190794229
960995986
164094501
291814286
670068197
123642111
81372241
2402914235
1163067184
66140727
492567587
1253589120
1034078299
995781219
1034182769
34347679
443126097
2865284214
635588951
464508324
807378803
20688554
1204732707
592082002
296173799
466384313
383654511
736564308
673993843
531775843
762874597
884149049
470731620
334852419
540441147
532470079
67753428
619154973
249607297
771433251
569621193
448186941
1021906579
359249974
457718368
835151033
1151366998
752469454
895503050
357199123
894212439
331811528
446542282
454652181
460977001
490871114
478715921
83328885
176459938
815055427
1187405036
190794229
763838634
395742376
410451298
1205772714
814147044
526145085
409461654
617037682
2643372102
417649376
762353461
984751628
1455692236
2508299397
165270034
895379395
200703466
250118116
19870518
2546808550
846761396
835791013
1032518718
562154765
93175519
860444939
1071384493
376062801
441848722
402213972
943015742
735845782
741100974
460072907
1354676447
117917962
444186995
41525535
1204732707
413025796
578511424
147023981
49049742
474632885
465856020
1091173405
911459987
676750924
12005720
924820520
375846784
257982
7176886600000
408752818
625148270
81402723
531310940
759934842
476272815
170980887
282035546
806632532
582839952
578062038
174179306
352695370
350714333
873081486
381387126
739124851
276140882
841918553
444286697
462717455
9314749
982354440
343704979
59570969
695062257
1065964817
757702858
420675756
617382559
517490086
350920871
234786420
384345853
395036275
1792721056
540774104
151417997
291157628
752365550
617037682
359169692
717688660
994368867
609116556
3761862626
592131426
372824629
1119220477
396720717
275046667
385166178
93175519
183643357
553866918
332892869
997117559
601470343
382101194
63088752
363351793
261865312
2225874115
598413343
361787091
597529884
827785657
158513694
676950137
438868283
1256392292
503910163
389884681
270472388
523713529
595611503
124671984
136342927
781197271
582021029
573203299
691094186
491422609
30292973
634433348
304325552
751235478
744732640
656877803
675743565
411640599
748235898
844299511
934815122
873401483
344176911
9314749
164580001
576106999
542573761
524856523
380878917
837067494
1187405036
339099340
516275927
824569586
183720708
1159591940
1021517244
1107539280
445944811
283618211
648195255
670519730
497566210
451822802
749125151
406490431
470272989
191171462
1094350812
409910380
445937140
494737158
425459151
115165455
459939894
422072857
631899542
1002993028
93175519
137713662
289331998
917767156
250065759
340518299
330929151
282125233
819242427
546223656
591073936
553896669
529348018
281541362
416446725
350756207
894227221
364086091
772594957
447887013
931889913
970691564
306376661
893095629
334287540
61840254
598067494
747422619
906123347
275682782
1334071613
4966074
214593935
731439771
303120901
542007420
363772314
1418086022
1824111578
1007707385
282301029
547024179
594358203
137990973
956651844
190794229
960995986
164094501
291814286
670068197
123642111
81372241
2402914235
1163067184
66140727
492567587
1253589120
1034078299
995781219
1034182769
34347679
443126097
2865284214
635588951
464508324
807378803
20688554
1204732707
592082002
296173799
466384313
383654511
736564308
673993843
531775843
762874597
884149049
470731620
334852419
540441147
532470079
67753428
619154973
249607297
771433251
569621193
448186941
1021906579
359249974
457718368
835151033
1151366998
752469454
895503050
357199123
894212439
331811528
446542282
454652181
460977001
490871114
478715921
83328885
176459938
815055427
1187405036
190794229
763838634
395742376
410451298
1205772714
814147044
526145085
409461654
617037682
2643372102
417649376
762353461
984751628
1455692236
2508299397
165270034
895379395
200703466
250118116
19870518
2546808550
846761396
835791013
1032518718
562154765
93175519
860444939
1071384493
376062801
441848722
402213972
943015742
735845782
741100974
460072907
1354676447
117917962
444186995
41525535
1204732707
413025796
578511424
147023981
49049742
474632885
465856020
1091173405
911459987
44877802
1104643500
314945997
312930743
57630279
410413463
441622353
154202510
574427497
137026740
336792
627916675
849560636
14943559
254648096
623709850
353787169
641230082
454683881
284657815
717688660
269765816
382101194
1070986502
363351793
414722701
962927899
954465785
43937232
54235097
671746116
21852365
1063717088
4043331
85565972
576180362
272977695
494059327
442504636
478303169
675727355
345332075
444563922
379679898
913241662
116433173
1798046427
191128319
380244636
45488204
361797195
455123655
781908679
450439217
947306915
360133349
779166009
675120934
865076391
438071800
1772136914
625351438
814367255
1743814639
1012761894
452965832
627387103
417649376
782533579
1124016157
774573529
448705597
303304744
327387981
1129190846
591478961
278005381
936949473
282956645
907282531
377983111
365616731
424772783
782453138
354965864
651010529
170527916
79859679
80210571
19326685
408905627
402299814
821877473
540651417
383809406
1534703468
337554917
418092259
373086509
403299242
460462239
1092457791
243422626
327702075
641230082
540774104
717688660
450059396
175575897
114415694
381634571
1594960194
651973796
770809612
923293713
1354676447
168669988
544624684
359718201
491683782
821270153
328933055
315566438
447449753
244097835
1046080893
871176631
470900706
729685710
1129627228
619950123
117009312
564813114
360802844
906774755
761132590
454516119
366305155
1761095346
80810783
372886438
985475694
746158247
5373789
408733592
232037327
191128319
984622892
748891805
923751705
398652801
1278174759
492947541
76851937
619966711
240136156
384458004
814367255
451640935
1797970116
396482026
664945624
549816330
395418563
357684295
240125730
372146452
446400813
405155649
411640599
844018658
381387126
614122488
21670073
296827355
858688351
258426042
282956645
402638462
843492803
471696299
226986448
578879795
383790962
1419097884
394339556
170527916
298031794
602514234
350438618
240778614
742699524
676750924
12005720
924820520
375846784
257982
7176886600000
408752818
625148270
81402723
531310940
759934842
476272815
170980887
282035546
806632532
582839952
578062038
174179306
352695370
350714333
873081486
381387126
739124851
276140882
841918553
444286697
462717455
9314749
982354440
343704979
59570969
695062257
1065964817
757702858
420675756
617382559
517490086
350920871
234786420
384345853
395036275
1792721056
540774104
151417997
291157628
752365550
617037682
359169692
717688660
994368867
609116556
3761862626
592131426
372824629
1119220477
396720717
275046667
385166178
93175519
183643357
553866918
332892869
997117559
601470343
382101194
63088752
363351793
261865312
2225874115
598413343
361787091
597529884
827785657
158513694
676950137
438868283
1256392292
503910163
447887013
931889913
970691564
306376661
893095629
334287540
61840254
598067494
747422619
906123347
275682782
1334071613
4966074
214593935
731439771
303120901
542007420
363772314
1418086022
1824111578
1007707385
282301029
547024179
594358203
137990973
956651844
190794229
960995986
164094501
291814286
670068197
123642111
81372241
2402914235
1163067184
66140727
492567587
1253589120
1034078299
995781219
1034182769
34347679
443126097
2865284214
635588951
464508324
807378803
20688554
1204732707
592082002
296173799
466384313
383654511
736564308
673993843
531775843
762874597
884149049
470731620
334852419
540441147
532470079
67753428
619154973
249607297
771433251
569621193
448186941
1021906579
359249974
457718368
835151033
1151366998
752469454
895503050
357199123
894212439
331811528
446542282
454652181
460977001
490871114
478715921
83328885
176459938
815055427
1187405036
190794229
763838634
395742376
410451298
1205772714
814147044
526145085
409461654
617037682
2643372102
417649376
762353461
984751628
1455692236
2508299397
165270034
895379395
200703466
250118116
19870518
2546808550
846761396
835791013
1032518718
562154765
93175519
860444939
1071384493
376062801
441848722
402213972
943015742
735845782
741100974
460072907
1354676447
117917962
444186995
41525535
1204732707
413025796
578511424
147023981
49049742
474632885
465856020
1091173405
911459987
44877802
1104643500
314945997
312930743
57630279
410413463
441622353
154202510
574427497
137026740
336792
627916675
849560636
14943559
254648096
623709850
353787169
641230082
454683881
284657815
717688660
269765816
382101194
1070986502
363351793
414722701
962927899
954465785
43937232
54235097
671746116
21852365
1063717088
4043331
85565972
576180362
272977695
494059327
442504636
478303169
675727355
345332075
444563922
379679898
913241662
116433173
1798046427
191128319
380244636
45488204
361797195
455123655
781908679
450439217
947306915
360133349
779166009
675120934
865076391
438071800
1772136914
625351438
814367255
1743814639
1012761894
452965832
627387103
417649376
782533579
1124016157
774573529
448705597
303304744
327387981
1129190846
591478961
278005381
936949473
282956645
907282531
377983111
365616731
424772783
782453138
354965864
651010529
170527916
79859679
80210571
19326685
408905627
402299814
821877473
540651417
383809406
1534703468
337554917
418092259
373086509
403299242
460462239
1092457791
243422626
327702075
641230082
540774104
717688660
450059396
175575897
114415694
381634571
1594960194
651973796
770809612
923293713
1354676447
168669988
544624684
359718201
491683782
821270153
328933055
315566438
447449753
244097835
1046080893
871176631
470900706
729685710
1129627228
619950123
117009312
564813114
360802844
906774755
761132590
454516119
366305155
1761095346
80810783
372886438
985475694
746158247
5373789
408733592
232037327
191128319
984622892
748891805
923751705
398652801
1278174759
492947541
76851937
619966711
240136156
384458004
814367255
451640935
1797970116
396482026
664945624
549816330
395418563
357684295
240125730
372146452
446400813
405155649
411640599
844018658
381387126
614122488
21670073
296827355
858688351
258426042
282956645
402638462
843492803
471696299
226986448
578879795
383790962
1419097884
394339556
170527916
298031794
602514234
350438618
240778614
742699524
676750924
12005720
924820520
375846784
257982
7176886600000
408752818
625148270
81402723
531310940
759934842
476272815
170980887
282035546
806632532
582839952
578062038
174179306
352695370
350714333
873081486
381387126
739124851
276140882
841918553
444286697
462717455
9314749
982354440
343704979
59570969
695062257
1065964817
757702858
420675756
617382559
517490086
350920871
234786420
384345853
395036275
1792721056
540774104
151417997
291157628
752365550
617037682
359169692
717688660
994368867
609116556
3761862626
592131426
372824629
1119220477
396720717
275046667
385166178
93175519
183643357
553866918
332892869
997117559
601470343
382101194
63088752
363351793
261865312
2225874115
598413343
361787091
597529884
827785657
158513694
676950137
438868283
1256392292
503910163
